halfPipe = [(0.25, 0, 1),
            (0.25, 0.130, 0.991),
            (0.25, 0.258, 0.965),
            (0.25, 0.382, 0.923),
            (0.25, 0.5, 0.866),
            (0.25, 0.608, 0.793),
            (0.25, 0.707, 0.707),
            (0.25, 0.793, 0.608),
            (0.25, 0.866, 0.5),
            (0.25, 0.923, 0.382),
            (0.25, 0.965, 0.258),
            (0.25, 0.991, 0.130),
            (0.25, 1, 0),
            (-0.25, 1, 0),
            (-0.25, 0.991, -0.130),
            (-0.25, 0.965, -0.258),
            (-0.25, 0.923, -0.382),
            (-0.25, 0.866, -0.5),
            (-0.25, 0.793, -0.608),
            (-0.25, 0.707, -0.707),
            (-0.25, 0.608, -0.793),
            (-0.25, 0.5, -0.866),
            (-0.25, 0.382, -0.923),
            (-0.25, 0.258, -0.965),
            (-0.25, 0.130, -0.991),
            (-0.25, 0, -1),
            (0.25, 0, -1),
            (0.25, 0.130, -0.991),
            (0.25, 0.258, -0.965),
            (0.25, 0.382, -0.923),
            (0.25, 0.5, -0.866),
            (0.25, 0.608, -0.793),
            (0.25, 0.707, -0.707),
            (0.25, 0.793, -0.608),
            (0.25, 0.866, -0.5),
            (0.25, 0.923, -0.382),
            (0.25, 0.965, -0.258),
            (0.25, 0.991, -0.130),
            (0.25, 1, 0),
            (-0.25, 1, 0),
            (-0.25, 0.991, 0.130),
            (-0.25, 0.965, 0.258),
            (-0.25, 0.923, 0.382),
            (-0.25, 0.866, 0.5),
            (-0.25, 0.793, 0.608),
            (-0.25, 0.707, 0.707),
            (-0.25, 0.608, 0.793),
            (-0.25, 0.5, 0.866),
            (-0.25, 0.382, 0.923),
            (-0.25, 0.258, 0.965),
            (-0.25, 0.130, 0.991),
            (-0.25, 0, 1),
            (0.25, 0, 1),
            ]
